10 0.15416666666666667 0.1 0.25 0.1925925925925926
10 0.8260416666666667 0.08148148148148149 0.28125 0.14814814814814814
3 0.09583333333333334 0.5925925925925926 0.14166666666666666 0.3037037037037037
6 0.5291666666666667 0.5444444444444444 0.16666666666666666 0.2074074074074074
11 0.659375 0.44074074074074077 0.06458333333333334 0.14814814814814814
11 0.42604166666666665 0.8685185185185185 0.11458333333333333 0.24074074074074073
11 0.21354166666666666 0.8 0.15625 0.37777777777777777
11 0.8385416666666666 0.8592592592592593 0.3020833333333333 0.24444444444444444
10 0.8854166666666666 0.9555555555555556 0.22916666666666666 0.07407407407407407
11 0.884375 0.35555555555555557 0.17291666666666666 0.17037037037037037
4 0.740625 0.4666666666666667 0.07708333333333334 0.0962962962962963
11 0.35208333333333336 0.43333333333333335 0.11666666666666667 0.21481481481481482
11 0.240625 0.4759259259259259 0.09375 0.13703703703703704
12 0.346875 0.6296296296296297 0.14375 0.14814814814814814
12 0.26875 0.5555555555555556 0.12083333333333333 0.11851851851851852
