10 0.840625 0.08888888888888889 0.28541666666666665 0.16296296296296298
10 0.15104166666666666 0.1 0.25625 0.1925925925925926
11 0.66875 0.5222222222222223 0.1375 0.2518518518518518
12 0.20625 0.7537037037037037 0.1875 0.2111111111111111
12 0.13333333333333333 0.6722222222222223 0.25 0.2037037037037037
11 0.9583333333333334 0.3962962962962963 0.08333333333333333 0.28888888888888886
11 0.1 0.8666666666666667 0.19166666666666668 0.26666666666666666
11 0.215625 0.5148148148148148 0.19791666666666666 0.45185185185185184
11 0.084375 0.5333333333333333 0.16041666666666668 0.26666666666666666
11 0.8864583333333333 0.9481481481481482 0.22708333333333333 0.1037037037037037
4 0.7864583333333334 0.5166666666666667 0.07708333333333334 0.18888888888888888
6 0.48020833333333335 0.6351851851851852 0.18125 0.16666666666666666
