10 0.8885416666666667 0.9574074074074074 0.21458333333333332 0.06296296296296296
11 0.6666666666666666 0.4666666666666667 0.09583333333333334 0.15555555555555556
4 0.7489583333333333 0.48333333333333334 0.05625 0.14444444444444443
11 0.8916666666666667 0.38333333333333336 0.11666666666666667 0.15925925925925927
3 0.096875 0.587037037037037 0.16041666666666668 0.24814814814814815
11 0.4375 0.8629629629629629 0.07916666666666666 0.2740740740740741
11 0.20208333333333334 0.8185185185185185 0.175 0.362962962962963
11 0.85 0.8351851851851851 0.3 0.24074074074074073
10 0.8385416666666666 0.07962962962962963 0.2604166666666667 0.15185185185185185
10 0.16458333333333333 0.11296296296296296 0.2875 0.2111111111111111
6 0.5364583333333334 0.5333333333333333 0.18125 0.1259259259259259
11 0.35 0.4388888888888889 0.1 0.27037037037037037
11 0.240625 0.4759259259259259 0.09375 0.1
12 0.35208333333333336 0.6296296296296297 0.14166666666666666 0.14814814814814814
12 0.2833333333333333 0.5777777777777777 0.15 0.08888888888888889
