11 0.6541666666666667 0.4351851851851852 0.08333333333333333 0.18888888888888888
10 0.14895833333333333 0.11851851851851852 0.23958333333333334 0.2222222222222222
10 0.840625 0.07037037037037037 0.2604166666666667 0.1259259259259259
3 0.078125 0.587037037037037 0.11875 0.3148148148148148
11 0.9083333333333333 0.3888888888888889 0.15 0.18518518518518517
11 0.8510416666666667 0.8666666666666667 0.29791666666666666 0.2222222222222222
10 0.8885416666666667 0.9685185185185186 0.22291666666666668 0.06296296296296296
6 0.534375 0.5074074074074074 0.16458333333333333 0.18518518518518517
11 0.428125 0.8759259259259259 0.10208333333333333 0.24814814814814815
11 0.20520833333333333 0.7870370370370371 0.18541666666666667 0.40370370370370373
11 0.34791666666666665 0.42962962962962964 0.10833333333333334 0.23703703703703705
11 0.23333333333333334 0.4722222222222222 0.09583333333333334 0.13703703703703704
4 0.740625 0.46296296296296297 0.052083333333333336 0.1259259259259259
12 0.3104166666666667 0.6037037037037037 0.2125 0.14814814814814814
