11 0.042708333333333334 0.575925925925926 0.08125 0.1962962962962963
11 0.16458333333333333 0.5222222222222223 0.15833333333333333 0.362962962962963
12 0.17916666666666667 0.774074074074074 0.2375 0.17777777777777778
12 0.08645833333333333 0.7074074074074074 0.16875 0.2222222222222222
5 0.8270833333333333 0.5388888888888889 0.1 0.21851851851851853
11 0.6916666666666667 0.5055555555555555 0.12083333333333333 0.18888888888888888
11 0.075 0.8407407407407408 0.14583333333333334 0.2962962962962963
10 0.15729166666666666 0.10740740740740741 0.26458333333333334 0.2074074074074074
10 0.853125 0.07037037037037037 0.29375 0.13333333333333333
10 0.884375 0.9574074074074074 0.21041666666666667 0.08518518518518518
6 0.48854166666666665 0.6407407407407407 0.11875 0.17777777777777778
