10 0.16145833333333334 0.14814814814814814 0.27708333333333335 0.28888888888888886
11 0.7822916666666667 0.4166666666666667 0.16875 0.2111111111111111
10 0.88125 0.9592592592592593 0.2375 0.08148148148148149
11 0.396875 0.9314814814814815 0.18541666666666667 0.13703703703703704
11 0.11875 0.8055555555555556 0.18333333333333332 0.3888888888888889
4 0.9010416666666666 0.4351851851851852 0.09791666666666667 0.2111111111111111
6 0.5583333333333333 0.5148148148148148 0.25416666666666665 0.2740740740740741
11 0.10729166666666666 0.39814814814814814 0.16875 0.10740740740740741
11 0.28125 0.43703703703703706 0.17083333333333334 0.37037037037037035
12 0.15520833333333334 0.6 0.22708333333333333 0.17037037037037037
12 0.259375 0.687037037037037 0.21041666666666667 0.21851851851851853
