10 0.15208333333333332 0.09444444444444444 0.25833333333333336 0.1814814814814815
10 0.8427083333333333 0.08518518518518518 0.26875 0.14074074074074075
3 0.096875 0.6 0.15625 0.2814814814814815
6 0.515625 0.5314814814814814 0.16041666666666668 0.14444444444444443
11 0.9020833333333333 0.40555555555555556 0.15 0.1962962962962963
11 0.44583333333333336 0.8888888888888888 0.125 0.2222222222222222
11 0.2 0.7962962962962963 0.175 0.4
11 0.346875 0.4185185185185185 0.10208333333333333 0.25925925925925924
11 0.23854166666666668 0.4703703703703704 0.10625 0.1111111111111111
12 0.346875 0.6388888888888888 0.15208333333333332 0.15925925925925927
12 0.27395833333333336 0.5648148148148148 0.12708333333333333 0.10740740740740741
11 0.8520833333333333 0.9092592592592592 0.29583333333333334 0.16666666666666666
11 0.675 0.4666666666666667 0.0875 0.11851851851851852
4 0.7427083333333333 0.4666666666666667 0.04375 0.11851851851851852
10 0.8927083333333333 0.9648148148148148 0.21458333333333332 0.06296296296296296
