11 0.6854166666666667 0.4537037037037037 0.11666666666666667 0.11481481481481481
4 0.7875 0.4537037037037037 0.07083333333333333 0.13703703703703704
10 0.165625 0.11851851851851852 0.29791666666666666 0.21481481481481482
10 0.8416666666666667 0.07037037037037037 0.2916666666666667 0.1037037037037037
11 0.43645833333333334 0.9037037037037037 0.09375 0.1925925925925926
11 0.20208333333333334 0.7796296296296297 0.225 0.44074074074074077
3 0.042708333333333334 0.6074074074074074 0.08125 0.2740740740740741
11 0.20104166666666667 0.48148148148148145 0.12291666666666666 0.1259259259259259
11 0.346875 0.4425925925925926 0.13958333333333334 0.26296296296296295
12 0.20625 0.5777777777777777 0.1125 0.1259259259259259
12 0.321875 0.6555555555555556 0.16875 0.17777777777777778
6 0.5395833333333333 0.5037037037037037 0.1625 0.2222222222222222
11 0.9479166666666666 0.34444444444444444 0.10416666666666667 0.15555555555555556
