11 0.08854166666666667 0.8462962962962963 0.15208333333333332 0.3
11 0.678125 0.5222222222222223 0.13125 0.17777777777777778
12 0.228125 0.7481481481481481 0.19375 0.2222222222222222
12 0.140625 0.674074074074074 0.21875 0.17037037037037037
11 0.23958333333333334 0.49074074074074076 0.15416666666666667 0.37407407407407406
11 0.08645833333333333 0.5351851851851852 0.13958333333333334 0.14444444444444443
11 0.9604166666666667 0.3925925925925926 0.07916666666666666 0.23703703703703705
10 0.14895833333333333 0.10555555555555556 0.24791666666666667 0.18888888888888888
10 0.8364583333333333 0.08518518518518518 0.2604166666666667 0.1259259259259259
10 0.8875 0.9611111111111111 0.225 0.07037037037037037
4 0.7885416666666667 0.5351851851851852 0.06875 0.18888888888888888
6 0.47604166666666664 0.6388888888888888 0.17291666666666666 0.15185185185185185
