10 0.14479166666666668 0.1259259259259259 0.27291666666666664 0.24444444444444444
10 0.8385416666666666 0.07777777777777778 0.27291666666666664 0.14074074074074075
11 0.45729166666666665 0.8870370370370371 0.11875 0.22592592592592592
3 0.10208333333333333 0.5981481481481481 0.12083333333333333 0.24074074074074073
11 0.6697916666666667 0.45925925925925926 0.08541666666666667 0.13333333333333333
4 0.7510416666666667 0.48333333333333334 0.052083333333333336 0.12962962962962962
11 0.9145833333333333 0.37777777777777777 0.11666666666666667 0.16296296296296298
11 0.8510416666666667 0.8462962962962963 0.28958333333333336 0.25555555555555554
10 0.8895833333333333 0.9555555555555556 0.22083333333333333 0.06666666666666667
11 0.35625 0.43148148148148147 0.1125 0.23333333333333334
12 0.34479166666666666 0.6259259259259259 0.15208333333333332 0.13333333333333333
11 0.23125 0.4666666666666667 0.10416666666666667 0.1037037037037037
12 0.259375 0.5666666666666667 0.11458333333333333 0.1037037037037037
6 0.5375 0.5092592592592593 0.16666666666666666 0.13703703703703704
