10 0.15416666666666667 0.1111111111111111 0.2625 0.18518518518518517
10 0.846875 0.07407407407407407 0.27291666666666664 0.13333333333333333
3 0.09270833333333334 0.5518518518518518 0.11875 0.28888888888888886
11 0.6583333333333333 0.45555555555555555 0.075 0.15555555555555556
4 0.7489583333333333 0.48518518518518516 0.06458333333333334 0.17037037037037037
11 0.45416666666666666 0.8833333333333333 0.14166666666666666 0.21851851851851853
11 0.20520833333333333 0.7907407407407407 0.21458333333333332 0.4185185185185185
11 0.9010416666666666 0.37407407407407406 0.14375 0.17037037037037037
6 0.53125 0.5351851851851852 0.15416666666666667 0.13703703703703704
11 0.35520833333333335 0.45 0.13541666666666666 0.23333333333333334
11 0.24166666666666667 0.48333333333333334 0.09166666666666666 0.10740740740740741
12 0.3458333333333333 0.6388888888888888 0.14583333333333334 0.11481481481481481
12 0.2708333333333333 0.5685185185185185 0.12083333333333333 0.09259259259259259
11 0.8479166666666667 0.8629629629629629 0.30416666666666664 0.22962962962962963
10 0.89375 0.9592592592592593 0.2125 0.08148148148148149
